z	Hz	Hrz	diff	
0.01	1.67525040943e-05	1.67426960275e-05	8.65025715703e-07	
0.0112332403298	1.88192334006e-05	1.88030127037e-05	8.65190376024e-07	
0.0126185688307	2.11411503601e-05	2.11182962478e-05	8.65398110724e-07	
0.0141747416293	2.37498553496e-05	2.37200575549e-05	8.65660173674e-07	
0.0159228279334	2.6680900003e-05	2.66437544728e-05	8.65990750624e-07	
0.0178864952906	2.99742971611e-05	2.99293005105e-05	8.66407718087e-07	
0.0200923300257	3.36751032132e-05	3.36216458526e-05	8.66933595753e-07	
0.0225701971963	3.78340857546e-05	3.77714435907e-05	8.67596740093e-07	
0.0253536449397	4.25084927758e-05	4.24358173673e-05	8.68432837529e-07	
0.0284803586844	4.77629440151e-05	4.76792510466e-05	8.69486768161e-07	
0.031992671378	5.36704711234e-05	5.35746270348e-05	8.70814925337e-07	
0.035938136638	6.03137415496e-05	6.02044481358e-05	8.72488092209e-07	
0.040370172586	6.77865125343e-05	6.76622893002e-05	8.74594992796e-07	
0.0453487850813	7.61953776917e-05	7.60545417145e-05	8.77246650652e-07	
0.0509413801482	8.5661891442e-05	8.55025344577e-05	8.80581700202e-07	
0.0572236765935	9.6325189122e-05	9.61451515093e-05	8.84772800082e-07	
0.0642807311728	0.000108345267625	0.000108142108915	8.90034288317e-07	
0.0722080901839	0.000121907160072	0.000121678125549	8.96631187646e-07	
0.081113083079	0.000137226339455	0.000136968322363	9.04889605855e-07	
0.0911162756115	0.000154555838161	0.000154265336935	9.15208470684e-07	
0.10235310219	0.000174195801579	0.00017386887145	9.28072385365e-07	
0.11497569954	0.000196506552358	0.000196138750551	9.4406519341e-07	
0.129154966501	0.000221926808964	0.00022151313261	9.63883624078e-07	
0.14508287785	0.000250999621298	0.000250534436999	9.8835020776e-07	
0.162975083462	0.000284410117456	0.000283887081278	1.01842459409e-06	
0.18307382803	0.000323041789454	0.000322453755926	1.05521259214e-06	
0.205651230835	0.000368062743215	0.000367401661701	1.09997279201e-06	
0.231012970008	0.000421062075241	0.000420318871892	1.15412156734e-06	
0.25950242114	0.000484273598422	0.00048343804197	1.2192385273e-06	
0.291505306283	0.000560959403877	0.000560019954159	1.29707588534e-06	
0.327454916288	0.000656103756623	0.000655047396958	1.38957649721e-06	
0.367837977183	0.000777755217546	0.000776567278893	1.49890637653e-06	
0.413201240012	0.000939853738247	0.000938517743151	1.627508523e-06	
0.464158883361	0.00116889573053	0.00116739334887	1.77818654238e-06	
0.5214008288	0.00152230610874	0.00152061755062	1.95422996163e-06	
0.585702081806	0.00215248945388	0.0021505957094	2.15960018944e-06	
0.657933224658	0.00364305480855	0.00364095104559	2.39920955777e-06	
0.739072203353	0.0122240735773	0.0122220075567	2.67934494031e-06	
0.830217568132	0.00819927934499	0.00820226291914	3.00847237021e-06	
0.932603346883	0.00288779612328	0.00289109630247	3.3981571803e-06	
1.04761575279	0.00162714751839	0.0016308908239	3.86565563279e-06	
1.17681195243	0.00101931817716	0.00102361482556	4.43805820367e-06	
1.32194114847	0.0006109995365	0.000615988726573	5.16210528801e-06	
1.48496826225	0.000238635629785	0.000244474128699	6.12894645109e-06	
1.6681005372	0.000290833091345	0.000283406006638	7.55127603399e-06	
1.87381742286	0.00220641956343	0.00219709416284	1.00962035143e-05	
2.10490414451	0.00348587879469	0.00350358438915	1.77873327261e-05	
2.36448941265	0.00138830436779	0.00136393662753	2.48691180701e-05	
2.65608778295	0.000902368234843	0.000897105896632	5.3395960552e-06	
2.98364724028	0.000657753786032	0.000659986935874	2.37550054437e-06	
3.35160265094	0.00047495897771	0.000480032087862	5.29596781765e-06	
3.76493580679	0.000103091381075	0.000106259350156	7.66104800656e-06	
4.22924287439	0.00058332782487	0.000593470673114	1.01706017761e-05	
4.7508101621	0.000396500662216	0.000409671512874	1.32595123647e-05	
5.33669923121	0.000271842907424	0.000287989559539	1.78652840505e-05	
5.99484250319	0.000304006389345	0.000344980442594	4.09743463431e-05	
6.73415065775	0.000243168179717	0.00026890055116	2.5829842599e-05	
7.56463327555	0.0001674030884	0.000225044374329	5.76806814801e-05	
8.49753435909	0.000128278973343	0.000190108438557	6.21217143535e-05	
9.54548456662	0.000330039416402	0.000160175846353	0.000171017711	
10.7226722201	0.000118592538289	0.000133583653558	0.000110475347244	
12.0450354026	0.000143060381998	0.000109299347775	3.37716283318e-05	
13.5304777458	0.000105960453456	8.65112048126e-05	1.94844414104e-05	
15.1991108295	7.55711782491e-05	6.44449493444e-05	1.11947572535e-05	
17.0735264747	3.55397775989e-05	4.22162990208e-05	7.17908851006e-06	
19.1791026167	2.89770718609e-05	1.86501620836e-05	1.0470172773e-05	
21.5443469003	2.46869772893e-06	8.76583217667e-06	6.76217467557e-06	
24.2012826479	4.14301342941e-05	4.26561243758e-05	1.91771339291e-06	
27.1858824273	9.01020810654e-05	9.25855048736e-05	4.47478808713e-06	
30.5385550883	0.000197878050904	0.000185372546579	1.27320577446e-05	
34.3046928631	0.000588633584367	0.000470305038128	0.000119690476575	
38.5352859371	0.00355403481898	0.00355048403663	2.0886266695e-05	
43.2876128108	0.000446235111031	0.000445951256564	4.29271856814e-06	
48.6260158007	0.000339303386832	0.000248845527568	9.37183962266e-05	
54.6227721768	0.000185591347913	0.000174940779125	1.10140238236e-05	
61.3590727341	0.000149917345016	0.000134959463525	1.50018738943e-05	
68.9261210435	0.000119913969201	0.00010927091674	1.06536186302e-05	
77.4263682681	9.95061654731e-05	9.10437995046e-05	8.46888482294e-06	
86.9749002618	8.42829784933e-05	7.72661021787e-05	7.02109241051e-06	
97.7009957299	7.23462473776e-05	6.63962487746e-05	5.95279155854e-06	
109.749876549	6.26738016609e-05	5.7558466758e-05	5.11721420468e-06	
123.284673944	5.46530482147e-05	5.02148073705e-05	4.43951948617e-06	
138.488637139	4.78894129774e-05	4.40139377007e-05	3.87635241508e-06	
155.567614393	4.21143894916e-05	3.87146826617e-05	3.40031228802e-06	
174.752840001	3.71369816459e-05	3.41444740298e-05	2.99292753558e-06	
196.304065004	3.28162348565e-05	3.01754233555e-05	2.64110381171e-06	
220.51307399	2.90448429318e-05	2.67098717567e-05	2.33517523842e-06	
247.707635599	2.57389304042e-05	2.36713074392e-05	2.06776574075e-06	
278.255940221	2.28314478452e-05	2.09984585216e-05	1.83308939366e-06	
312.571584969	2.02677666882e-05	1.86413345925e-05	1.62650233023e-06	
351.119173422	1.80026586371e-05	1.65585024765e-05	1.44420550835e-06	
394.420605944	1.59981720019e-05	1.47151652721e-05	1.28304143174e-06	
443.062145758	1.42221037384e-05	1.30817768705e-05	1.14035128719e-06	
497.702356433	1.26468759977e-05	1.16330211729e-05	1.01387201742e-06	
559.081018251	1.12486929405e-05	1.03470446107e-05	9.016604395e-07	
628.029144183	1.00068954032e-05	9.2048678515e-06	8.02036084077e-07	
705.480231072	8.90345774927e-06	8.18992650582e-06	7.13537256852e-07	
792.482898354	7.92258868377e-06	7.28770630441e-06	6.34886618336e-07	
890.215085445	7.05040938986e-06	6.48544863622e-06	5.64963742274e-07	
1000.0	6.27469014982e-06	5.77190937423e-06	5.02782882969e-07	
