z	Hz	Hrz	diff	
0.01	1.67525040943e-05	1.6720188068e-05	3.10573847559e-07	
0.0112332403298	1.88192334006e-05	1.87822679723e-05	3.11085295321e-07	
0.0126185688307	2.11411503601e-05	2.10990350175e-05	3.11729473623e-07	
0.0141747416293	2.37498553496e-05	2.37020198548e-05	3.12540442733e-07	
0.0159228279334	2.6680900003e-05	2.66266966676e-05	3.1356078133e-07	
0.0178864952906	2.99742971611e-05	2.99129920726e-05	3.14843591385e-07	
0.0200923300257	3.36751032132e-05	3.36058662927e-05	3.16454905311e-07	
0.0225701971963	3.78340857546e-05	3.77559795106e-05	3.18476538213e-07	
0.0253536449397	4.25084927758e-05	4.24204596008e-05	3.21009411241e-07	
0.0284803586844	4.77629440151e-05	4.76637918524e-05	3.2417734169e-07	
0.031992671378	5.36704711234e-05	5.35588573071e-05	3.28131247803e-07	
0.035938136638	6.03137415496e-05	6.01881545975e-05	3.33053649597e-07	
0.040370172586	6.77865125343e-05	6.76452516432e-05	3.39163264231e-07	
0.0453487850813	7.61953776917e-05	7.60365296526e-05	3.46719406736e-07	
0.0509413801482	8.5661891442e-05	8.54833046559e-05	3.56025836929e-07	
0.0572236765935	9.6325189122e-05	9.61244443531e-05	3.67433675539e-07	
0.0642807311728	0.000108345267625	0.000108119645084	3.81343086354e-07	
0.0722080901839	0.000121907160072	0.000121653602358	3.98203615235e-07	
0.081113083079	0.000137226339455	0.000136941409835	4.18513385757e-07	
0.0911162756115	0.000154555838161	0.000154235673571	4.42817718276e-07	
0.10235310219	0.000174195801579	0.000173836059659	4.7170806038e-07	
0.11497569954	0.000196506552358	0.000196102351717	5.05822277287e-07	
0.129154966501	0.000221926808964	0.000221472661754	5.45847282738e-07	
0.14508287785	0.000250999621298	0.000250489357011	5.92524714822e-07	
0.162975083462	0.000284410117456	0.000283836796675	6.46659982491e-07	
0.18307382803	0.000323041789454	0.000322397606043	7.09134666665e-07	
0.205651230835	0.000368062743215	0.000367338913137	7.80922064209e-07	
0.231012970008	0.000421062075241	0.000420248709776	8.63105656989e-07	
0.25950242114	0.000484273598422	0.000483359559041	9.56900453734e-07	
0.291505306283	0.000560959403877	0.000559932135315	1.06367744335e-06	
0.327454916288	0.000656103756623	0.000654949093698	1.1849917747e-06	
0.367837977183	0.000777755217546	0.000776457159978	1.32261572615e-06	
0.413201240012	0.000939853738247	0.000938394186133	1.47857806361e-06	
0.464158883361	0.00116889573053	0.00116725417253	1.65521202245e-06	
0.5214008288	0.00152230610874	0.00152045926467	1.85521473783e-06	
0.585702081806	0.00215248945388	0.0021504109744	2.08172007777e-06	
0.657933224658	0.00364305480855	0.00364071646392	2.338369911e-06	
0.739072203353	0.0122240735773	0.0122215257245	2.62890884916e-06	
0.830217568132	0.00819927934499	0.00820214146965	2.96226044188e-06	
0.932603346883	0.00288779612328	0.00289111853196	3.33954834207e-06	
1.04761575279	0.00162714751839	0.00163091540106	3.77179133828e-06	
1.17681195243	0.00101931817716	0.00102358744695	4.26928646508e-06	
1.32194114847	0.0006109995365	0.000615841148576	4.84639033351e-06	
1.48496826225	0.000238635629785	0.000244108257325	5.52399600208e-06	
1.6681005372	0.000290833091345	0.000284505475691	6.33585240117e-06	
1.87381742286	0.00220641956343	0.0021994633762	7.34692372779e-06	
2.10490414451	0.00348587879469	0.00349460306313	8.7247650395e-06	
2.36448941265	0.00138830436779	0.00139857590318	1.28380313139e-05	
2.65608778295	0.000902368234843	0.00090777314513	5.63937129303e-06	
2.98364724028	0.000657753786032	0.000668503514655	1.07842835424e-05	
3.35160265094	0.00047495897771	0.000488624041219	1.36768112323e-05	
3.76493580679	0.000103091381075	0.000113632708333	1.71892909643e-05	
4.22924287439	0.00058332782487	0.00060525781089	2.26620823105e-05	
4.7508101621	0.000396500662216	0.000429633415462	3.32380887447e-05	
5.33669923121	0.000271842907424	0.000350829618151	7.91154384315e-05	
5.99484250319	0.000304006389345	0.000295402466968	1.13163231779e-05	
6.73415065775	0.000243168179717	0.000251370536198	8.28125627381e-06	
7.56463327555	0.0001674030884	0.000214463743164	4.71058052951e-05	
8.49753435909	0.000128278973343	0.000182534209113	5.45365402969e-05	
9.54548456662	0.000330039416402	0.000154259867956	0.000176751388607	
10.7226722201	0.000118592538289	0.000128702513159	0.000107228654766	
12.0450354026	0.000143060381998	0.000105110248008	3.79961192792e-05	
13.5304777458	0.000105960453456	8.28019005384e-05	2.32675190722e-05	
15.1991108295	7.55711782491e-05	6.10723884804e-05	1.46938503343e-05	
17.0735264747	3.55397775989e-05	3.90835694881e-05	3.81635649355e-06	
19.1791026167	2.89770718609e-05	1.57695976529e-05	1.36739850278e-05	
21.5443469003	2.46869772893e-06	1.20474497975e-05	9.96139191221e-06	
24.2012826479	4.14301342941e-05	4.5902228155e-05	5.17115942059e-06	
27.1858824273	9.01020810654e-05	9.60234100783e-05	6.40678651821e-06	
30.5385550883	0.000197878050904	0.000189216712806	9.624471525e-06	
34.3046928631	0.000588633584367	0.000474831392262	0.000114820368235	
38.5352859371	0.00355403481898	0.00354467550556	2.65541490583e-05	
43.2876128108	0.000446235111031	0.000432197825437	1.40381977181e-05	
48.6260158007	0.000339303386832	0.000345777777531	1.13637004681e-05	
54.6227721768	0.000185591347913	0.000184849242775	5.11287540145e-06	
61.3590727341	0.000149917345016	0.000139863247407	1.03273016231e-05	
68.9261210435	0.000119913969201	0.000112425656006	7.58824256537e-06	
77.4263682681	9.95061654731e-05	9.33167055013e-05	6.24685928358e-06	
86.9749002618	8.42829784933e-05	7.90106603045e-05	5.30738761266e-06	
97.7009957299	7.23462473776e-05	6.77900368254e-05	4.57849571216e-06	
109.749876549	6.26738016609e-05	5.87028058902e-05	3.98554096338e-06	
123.284673944	5.46530482147e-05	5.11727660163e-05	3.4899573931e-06	
138.488637139	4.78894129774e-05	4.48273759452e-05	3.06856241637e-06	
155.567614393	4.21143894916e-05	3.9412807178e-05	2.70602884287e-06	
174.752840001	3.71369816459e-05	3.47485028617e-05	2.39153237225e-06	
196.304065004	3.28162348565e-05	3.0701296275e-05	2.11704806349e-06	
220.51307399	2.90448429318e-05	2.71699062179e-05	1.87640065766e-06	
247.707635599	2.57389304042e-05	2.40752525648e-05	1.66469739158e-06	
278.255940221	2.28314478452e-05	2.13541892973e-05	1.47797056576e-06	
312.571584969	2.02677666882e-05	1.89553227414e-05	1.31294226564e-06	
351.119173422	1.80026586371e-05	1.68361442721e-05	1.1668637117e-06	
394.420605944	1.59981720019e-05	1.49610152078e-05	1.03740202878e-06	
443.062145758	1.42221037384e-05	1.32997179121e-05	9.22558156087e-07	
497.702356433	1.26468759977e-05	1.18263913968e-05	8.20605799098e-07	
559.081018251	1.12486929405e-05	1.05187332703e-05	7.30044963313e-07	
628.029144183	1.00068954032e-05	9.3573896305e-06	6.49565828391e-07	
705.480231072	8.90345774927e-06	8.32547993845e-06	5.78020113751e-07	
792.482898354	7.92258868377e-06	7.40822050843e-06	5.14397982881e-07	
890.215085445	7.05040938986e-06	6.59262127527e-06	4.5780912294e-07	
1000.0	6.27469014982e-06	5.86723792844e-06	4.07467031041e-07	
