z	Hz	Hrz	diff	
0.01	1.67525040943e-05	1.67214376564e-05	3.56007433596e-08	
0.0112332403298	1.88192334006e-05	1.87843335468e-05	3.89874801934e-08	
0.0126185688307	2.11411503601e-05	2.11019445417e-05	4.28810571402e-08	
0.0141747416293	2.37498553496e-05	2.37058127045e-05	4.73394237296e-08	
0.0159228279334	2.6680900003e-05	2.66314241616e-05	5.24270223982e-08	
0.0178864952906	2.99742971611e-05	2.99187181635e-05	5.82158675019e-08	
0.0200923300257	3.36751032132e-05	3.36126684262e-05	6.47867151071e-08	
0.0225701971963	3.78340857546e-05	3.77639496641e-05	7.22303293156e-08	
0.0253536449397	4.25084927758e-05	4.24297055145e-05	8.06488588995e-08	
0.0284803586844	4.77629440151e-05	4.76744384669e-05	9.01573441338e-08	
0.031992671378	5.36704711234e-05	5.35710484255e-05	1.00885378314e-07	
0.035938136638	6.03137415496e-05	6.02020547903e-05	1.12978952141e-07	
0.040370172586	6.77865125343e-05	6.76610484165e-05	1.26602512595e-07	
0.0453487850813	7.61953776917e-05	7.60544359022e-05	1.41941271621e-07	
0.0509413801482	8.5661891442e-05	8.55035614287e-05	1.59203804427e-07	
0.0572236765935	9.6325189122e-05	9.61473239408e-05	1.78624982826e-07	
0.0642807311728	0.000108345267625	0.000108145454466	2.00469296316e-07	
0.0722080901839	0.000121907160072	0.000121682687019	2.25034623056e-07	
0.081113083079	0.000137226339455	0.000136974157949	2.52656525218e-07	
0.0911162756115	0.000154555838161	0.000154272520574	2.83713159493e-07	
0.10235310219	0.000174195801579	0.000173877493162	3.18630915172e-07	
0.11497569954	0.000196506552358	0.000196148916723	3.57890921303e-07	
0.129154966501	0.000221926808964	0.000221524966074	4.02036603953e-07	
0.14508287785	0.000250999621298	0.000250548076702	4.51682528962e-07	
0.162975083462	0.000284410117456	0.000283902681249	5.07524841167e-07	
0.18307382803	0.000323041789454	0.00032247148302	5.70353717464e-07	
0.205651230835	0.000368062743215	0.000367421691332	6.41068402664e-07	
0.231012970008	0.000421062075241	0.000420341380428	7.20695615673e-07	
0.25950242114	0.000484273598422	0.000483463193493	8.10412433036e-07	
0.291505306283	0.000560959403877	0.000560047877512	9.11575230298e-07	
0.327454916288	0.000656103756623	0.000655078145297	1.02575697372e-06	
0.367837977183	0.000777755217546	0.000776600755839	1.15479624193e-06	
0.413201240012	0.000939853738247	0.000938553559852	1.30086303692e-06	
0.464158883361	0.00116889573053	0.0011674305211	1.46654904281e-06	
0.5214008288	0.00152230610874	0.00152065376186	1.6549938271e-06	
0.585702081806	0.00215248945388	0.00215062507807	1.87006246213e-06	
0.657933224658	0.00364305480855	0.00364095409324	2.11657596983e-06	
0.739072203353	0.0122240735773	0.0122218221467	2.40021978359e-06	
0.830217568132	0.00819927934499	0.00820197326108	2.7353697648e-06	
0.932603346883	0.00288779612328	0.00289091890552	3.12388200521e-06	
1.04761575279	0.00162714751839	0.00163073673922	3.58976187896e-06	
1.17681195243	0.00101931817716	0.00102347331985	4.15997388885e-06	
1.32194114847	0.0006109995365	0.000615865118022	4.88237277518e-06	
1.48496826225	0.000238635629785	0.000244410218283	5.84990555905e-06	
1.6681005372	0.000290833091345	0.00028356695905	7.27784930415e-06	
1.87381742286	0.00220641956343	0.00219702204097	9.83606691339e-06	
2.10490414451	0.00348587879469	0.0035032226272	1.75393367797e-05	
2.36448941265	0.00138830436779	0.00136384020725	2.47830117068e-05	
2.65608778295	0.000902368234843	0.000897210223006	5.15984365689e-06	
2.98364724028	0.000657753786032	0.000660408519387	2.66797256709e-06	
3.35160265094	0.00047495897771	0.000481044326361	6.10279419155e-06	
3.76493580679	0.000103091381075	0.000108416680588	9.45706092213e-06	
4.22924287439	0.00058332782487	0.00059717347497	1.4204604825e-05	
4.7508101621	0.000396500662216	0.000420113886413	2.36464010348e-05	
5.33669923121	0.000271842907424	0.00033943544241	6.78044228778e-05	
5.99484250319	0.000304006389345	0.000281056563788	2.42870514837e-05	
6.73415065775	0.000243168179717	0.000231823885239	1.13661390682e-05	
7.56463327555	0.0001674030884	0.000183579221461	1.62421581443e-05	
8.49753435909	0.000128278973343	0.000108699239184	1.96622432964e-05	
9.54548456662	0.000330039416402	0.000333645229099	7.36255108646e-06	
10.7226722201	0.000118592538289	0.000169629791621	0.000133485427117	
12.0450354026	0.000143060381998	0.000128188347095	1.48786379053e-05	
13.5304777458	0.000105960453456	9.88912164147e-05	7.11055674515e-06	
15.1991108295	7.55711782491e-05	7.34500815598e-05	2.28380125308e-06	
17.0735264747	3.55397775989e-05	4.91680537876e-05	1.40181208454e-05	
19.1791026167	2.89770718609e-05	2.42023545824e-05	4.8979045242e-06	
21.5443469003	2.46869772893e-06	4.39494266568e-06	2.15936168003e-06	
24.2012826479	4.14301342941e-05	3.87810738643e-05	3.0335719486e-06	
27.1858824273	9.01020810654e-05	8.92864216768e-05	3.81085962847e-06	
30.5385550883	0.000197878050904	0.00018253943661	1.54972019266e-05	
34.3046928631	0.000588633584367	0.000467872671494	0.000122145708982	
38.5352859371	0.00355403481898	0.00355163226796	1.88732180003e-05	
43.2876128108	0.000446235111031	0.000447822434895	4.36524397e-06	
48.6260158007	0.000339303386832	0.000250497081605	9.21140645e-05	
54.6227721768	0.000185591347913	0.000176397469291	9.59714586892e-06	
61.3590727341	0.000149917345016	0.000136246341409	1.37159648423e-05	
68.9261210435	0.000119913969201	0.000110409510716	9.51493779827e-06	
77.4263682681	9.95061654731e-05	9.20524643056e-05	7.46023458768e-06	
86.9749002618	8.42829784933e-05	7.81605671591e-05	6.12667384191e-06	
97.7009957299	7.23462473776e-05	6.71900807899e-05	5.15900964894e-06	
109.749876549	6.26738016609e-05	5.82634364797e-05	4.41228839334e-06	
123.284673944	5.46530482147e-05	5.08411780239e-05	3.8131841361e-06	
138.488637139	4.78894129774e-05	4.45706948611e-05	3.31962239038e-06	
155.567614393	4.21143894916e-05	3.92097195575e-05	2.90529570453e-06	
174.752840001	3.71369816459e-05	3.45847430031e-05	2.5526735128e-06	
196.304065004	3.28162348565e-05	3.05670612579e-05	2.24947678969e-06	
220.51307399	2.90448429318e-05	2.70583049805e-05	1.98674987074e-06	
247.707635599	2.57389304042e-05	2.39813408005e-05	1.75773802007e-06	
278.255940221	2.28314478452e-05	2.1274351149e-05	1.55720079932e-06	
312.571584969	2.02677666882e-05	1.88868652155e-05	1.3809745821e-06	
351.119173422	1.80026586371e-05	1.67770259512e-05	1.22568407815e-06	
394.420605944	1.59981720019e-05	1.49096617815e-05	1.08854637372e-06	
443.062145758	1.42221037384e-05	1.32548949352e-05	9.67234251447e-07	
497.702356433	1.26468759977e-05	1.17871153851e-05	8.59778533889e-07	
559.081018251	1.12486929405e-05	1.04842088354e-05	7.64496730409e-07	
628.029144183	1.00068954032e-05	9.32696450736e-06	6.79939792844e-07	
705.480231072	8.90345774927e-06	8.29861243769e-06	6.04851582692e-07	
792.482898354	7.92258868377e-06	7.38445567894e-06	5.38137425891e-07	
890.215085445	7.05040938986e-06	6.57157322744e-06	4.78839279656e-07	
1000.0	6.27469014982e-06	5.84857655431e-06	4.26115793706e-07	
