z	Hz	Hrz	diff	
0.01	1.67525040943e-05	1.67418762381e-05	2.14463727422e-06	
0.0112332403298	1.88192334006e-05	1.87753974479e-05	2.14599998457e-06	
0.0126185688307	2.11411503601e-05	2.10634694206e-05	2.14771830646e-06	
0.0141747416293	2.37498553496e-05	2.36372468918e-05	2.14988463931e-06	
0.0159228279334	2.6680900003e-05	2.65318175188e-05	2.1526151563e-06	
0.0178864952906	2.99742971611e-05	2.97867065966e-05	2.15605578472e-06	
0.0200923300257	3.36751032132e-05	3.34464535444e-05	2.16038961185e-06	
0.0225701971963	3.78340857546e-05	3.75612730897e-05	2.16584601109e-06	
0.0253536449397	4.25084927758e-05	4.2187817336e-05	2.17271181797e-06	
0.0284803586844	4.77629440151e-05	4.73900592953e-05	2.18134490905e-06	
0.031992671378	5.36704711234e-05	5.32403244519e-05	2.19219053642e-06	
0.035938136638	6.03137415496e-05	5.98205051728e-05	2.20580072981e-06	
0.040370172586	6.77865125343e-05	6.72235042303e-05	2.2228569751e-06	
0.0453487850813	7.61953776917e-05	7.55549697799e-05	2.24419618485e-06	
0.0509413801482	8.5661891442e-05	8.49354068929e-05	2.27083966857e-06	
0.0572236765935	9.6325189122e-05	9.5502783286e-05	2.30402437315e-06	
0.0642807311728	0.000108345267625	0.000107415793883	2.345235112e-06	
0.0722080901839	0.000121907160072	0.000120858017459	2.3962359047e-06	
0.081113083079	0.000137226339455	0.000136043300022	2.45909805444e-06	
0.0911162756115	0.000154555838161	0.00015322285149	2.53622242843e-06	
0.10235310219	0.000174195801579	0.000172694773474	2.6303538554e-06	
0.11497569954	0.000196506552358	0.000194817094243	2.74458683453e-06	
0.129154966501	0.000221926808964	0.000220025953961	2.88236387519e-06	
0.14508287785	0.000250999621298	0.000248861502248	3.04747042421e-06	
0.162975083462	0.000284410117456	0.000282005601356	3.24403281737e-06	
0.18307382803	0.000323041789454	0.000320338061792	3.47652723049e-06	
0.205651230835	0.000368062743215	0.000365022834625	3.74980769814e-06	
0.231012970008	0.000421062075241	0.000417644321813	4.0691600158e-06	
0.25950242114	0.000484273598422	0.000480431026287	4.44038648776e-06	
0.291505306283	0.000560959403877	0.000556639029371	4.86992510632e-06	
0.327454916288	0.000656103756623	0.000651245798179	5.3650068437e-06	
0.367837977183	0.000777755217546	0.000772292232541	5.93385697118e-06	
0.413201240012	0.000939853738247	0.000933709752059	6.58595110175e-06	
0.464158883361	0.00116889573053	0.00116198560262	7.33234448896e-06	
0.5214008288	0.00152230610874	0.00151453604423	8.18610505911e-06	
0.585702081806	0.00215248945388	0.00214376273378	9.16289857403e-06	
0.657933224658	0.00364305480855	0.00363331081972	1.02817971232e-05	
0.739072203353	0.0122240735773	0.0122140803556	1.15662564866e-05	
0.830217568132	0.00819927934499	0.00821232439848	1.30479320499e-05	
0.932603346883	0.00288779612328	0.00290248234082	1.47638339682e-05	
1.04761575279	0.00162714751839	0.00164378643606	1.67684983821e-05	
1.17681195243	0.00101931817716	0.00103828363655	1.91371726558e-05	
1.32194114847	0.0006109995365	0.000632744097313	2.19833925552e-05	
1.48496826225	0.000238635629785	0.000263627854153	2.54942562625e-05	
1.6681005372	0.000290833091345	0.000260915601986	3.00262081521e-05	
1.87381742286	0.00220641956343	0.00217158007175	3.64678184913e-05	
2.10490414451	0.00348587879469	0.00353423006301	4.9248820197e-05	
2.36448941265	0.00138830436779	0.00140253311228	1.44839430045e-05	
2.65608778295	0.000902368234843	0.000946448121148	4.4080456122e-05	
2.98364724028	0.000657753786032	0.000728041916374	7.02900568293e-05	
3.35160265094	0.00047495897771	0.000592182872587	0.000117278092784	
3.76493580679	0.000103091381075	0.000496184252479	0.000409735614293	
4.22924287439	0.00058332782487	0.000423236283475	0.000160389384638	
4.7508101621	0.000396500662216	0.000365227857287	3.1342792208e-05	
5.33669923121	0.000271842907424	0.00031768639941	4.63949478389e-05	
5.99484250319	0.000304006389345	0.00027789945245	2.7920346072e-05	
6.73415065775	0.000243168179717	0.000244099813352	1.64403899125e-06	
7.56463327555	0.0001674030884	0.000215069703529	4.78525469833e-05	
8.49753435909	0.000128278973343	0.00018993120393	6.21272840316e-05	
9.54548456662	0.000330039416402	0.000168027536478	0.0001636226972	
10.7226722201	0.000118592538289	0.000148852038062	0.000120850676701	
12.0450354026	0.000143060381998	0.000132003711678	1.11072026159e-05	
13.5304777458	0.000105960453456	0.000117158334154	1.12183917074e-05	
15.1991108295	7.55711782491e-05	0.000104049051073	2.84861515135e-05	
17.0735264747	3.55397775989e-05	9.24529616747e-05	5.72603942217e-05	
19.1791026167	2.89770718609e-05	8.21815998057e-05	5.32272784079e-05	
21.5443469003	2.46869772893e-06	7.3074015556e-05	7.48025875295e-05	
24.2012826479	4.14301342941e-05	6.49916334135e-05	0.000106405440783	
27.1858824273	9.01020810654e-05	5.7814349729e-05	0.000147777095442	
30.5385550883	0.000197878050904	5.14375118315e-05	0.000249293052288	
34.3046928631	0.000588633584367	4.57695361669e-05	0.000634188947288	
38.5352859371	0.00355403481898	4.07299980546e-05	0.00351551223097	
43.2876128108	0.000446235111031	3.62480757164e-05	0.00041001363559	
48.6260158007	0.000339303386832	3.22612650882e-05	0.000307203335377	
54.6227721768	0.000185591347913	2.87143051285e-05	0.000156884657028	
61.3590727341	0.000149917345016	2.55582694577e-05	0.000124361059902	
68.9261210435	0.000119913969201	2.2749791486e-05	9.71647180819e-05	
77.4263682681	9.95061654731e-05	2.02503982404e-05	7.92560661467e-05	
86.9749002618	8.42829784933e-05	1.80259338927e-05	6.62572229223e-05	
97.7009957299	7.23462473776e-05	1.60460582023e-05	5.63003004289e-05	
109.749876549	6.26738016609e-05	1.42838081925e-05	4.83900650234e-05	
123.284673944	5.46530482147e-05	1.27152136939e-05	4.19378815594e-05	
138.488637139	4.78894129774e-05	1.13189591382e-05	3.65704852651e-05	
155.567614393	4.21143894916e-05	1.0076085329e-05	3.20383254153e-05	
174.752840001	3.71369816459e-05	8.96972595805e-06	2.81672701947e-05	
196.304065004	3.28162348565e-05	7.98487446161e-06	2.48313703683e-05	
220.51307399	2.90448429318e-05	7.10817746761e-06	2.19366723591e-05	
247.707635599	2.57389304042e-05	6.32775162132e-06	1.94111835701e-05	
278.255940221	2.28314478452e-05	5.63302101554e-06	1.71984301648e-05	
312.571584969	2.02677666882e-05	5.01457281757e-06	1.52531962003e-05	
351.119173422	1.80026586371e-05	4.46402899208e-06	1.35386312758e-05	
394.420605944	1.59981720019e-05	3.97393228058e-06	1.20242408647e-05	
443.062145758	1.42221037384e-05	3.53764482086e-06	1.06844597202e-05	
497.702356433	1.26468759977e-05	3.149257983e-06	9.49761857882e-06	
559.081018251	1.12486929405e-05	2.80351216473e-06	8.44518117251e-06	
628.029144183	1.00068954032e-05	2.4957254352e-06	7.51117024721e-06	
705.480231072	8.90345774927e-06	2.22173004274e-06	6.68172790312e-06	
792.482898354	7.92258868377e-06	1.97781591459e-06	5.94477290766e-06	
890.215085445	7.05040938986e-06	1.7606803745e-06	5.28972911294e-06	
1000.0	6.27469014982e-06	1.56738339128e-06	4.70730682732e-06	
