z	Hz	Hrz	diff	
0.01	1.67525040943e-05	1.74055561104e-05	4.81193969636e-06	
0.0112332403298	1.88192334006e-05	1.93971286562e-05	4.81195075804e-06	
0.0126185688307	2.11411503601e-05	2.16507093171e-05	4.81196471633e-06	
0.0141747416293	2.37498553496e-05	2.41972548186e-05	4.81198232972e-06	
0.0159228279334	2.6680900003e-05	2.70716797686e-05	4.81200455534e-06	
0.0178864952906	2.99742971611e-05	3.03133781606e-05	4.81203260097e-06	
0.0200923300257	3.36751032132e-05	3.39668125996e-05	4.81206799066e-06	
0.0225701971963	3.78340857546e-05	3.8082185296e-05	4.81211264757e-06	
0.0253536449397	4.25084927758e-05	4.27162079769e-05	4.8121689985e-06	
0.0284803586844	4.77629440151e-05	4.79329920895e-05	4.81224010578e-06	
0.031992671378	5.36704711234e-05	5.38050865003e-05	4.81232983376e-06	
0.035938136638	6.03137415496e-05	6.04146980099e-05	4.81244305883e-06	
0.040370172586	6.77865125343e-05	6.78551413551e-05	4.81258593458e-06	
0.0453487850813	7.61953776917e-05	7.62325813656e-05	4.8127662264e-06	
0.0509413801482	8.5661891442e-05	8.56681526523e-05	4.81299373375e-06	
0.0572236765935	9.6325189122e-05	9.63005747082e-05	4.81328082324e-06	
0.0642807311728	0.000108345267625	0.000108289427283	4.81364310146e-06	
0.0722080901839	0.000121907160072	0.000121819319496	4.81410026445e-06	
0.081113083079	0.000137226339455	0.00013710528757	4.81467717011e-06	
0.0911162756115	0.000154555838161	0.000154399907967	4.81540519254e-06	
0.10235310219	0.000174195801579	0.00017400284399	4.81632393241e-06	
0.11497569954	0.000196506552358	0.000196273902178	4.81748337777e-06	
0.129154966501	0.000221926808964	0.000221651241851	4.81894663458e-06	
0.14508287785	0.000250999621298	0.000250677300077	4.82079337857e-06	
0.162975083462	0.000284410117456	0.000284036525502	4.82312422111e-06	
0.18307382803	0.000323041789454	0.000322611647779	4.82606623455e-06	
0.205651230835	0.000368062743215	0.000367569906229	4.82977995064e-06	
0.231012970008	0.000421062075241	0.000420499397281	4.83446823367e-06	
0.25950242114	0.000484273598422	0.000483632758109	4.84038754574e-06	
0.291505306283	0.000560959403877	0.000560230663833	4.84786227322e-06	
0.327454916288	0.000656103756623	0.000655275616859	4.8573029871e-06	
0.367837977183	0.000777755217546	0.000776813878722	4.86922978498e-06	
0.413201240012	0.000939853738247	0.000938782188565	4.88430224307e-06	
0.464158883361	0.00116889573053	0.0011676719864	4.90335804336e-06	
0.5214008288	0.00152230610874	0.00152089920307	4.9274631152e-06	
0.585702081806	0.00215248945388	0.00215084777986	4.95797724847e-06	
0.657933224658	0.00364305480855	0.00364105542433	4.9966403716e-06	
0.739072203353	0.0122240735773	0.0122209206767	5.04567339704e-06	
0.830217568132	0.00819927934499	0.00820023980213	5.10809645744e-06	
0.932603346883	0.00288779612328	0.00288971292379	5.18753896578e-06	
1.04761575279	0.00162714751839	0.0016295430863	5.28914159491e-06	
1.17681195243	0.00101931817716	0.00102217334336	5.41974981088e-06	
1.32194114847	0.0006109995365	0.000614387755567	5.5889975884e-06	
1.48496826225	0.000238635629785	0.000242821994038	5.8112063838e-06	
1.6681005372	0.000290833091345	0.000286607172729	6.10982132491e-06	
1.87381742286	0.00220641956343	0.00220053838817	6.53032794867e-06	
2.10490414451	0.00348587879469	0.00349140330137	7.19471330284e-06	
2.36448941265	0.00138830436779	0.0013929625814	9.75513199473e-06	
2.65608778295	0.000902368234843	0.000903135835272	5.54702126082e-06	
2.98364724028	0.000657753786032	0.000663706506359	7.90435866645e-06	
3.35160265094	0.00047495897771	0.00048355479231	9.5931967984e-06	
3.76493580679	0.000103091381075	0.000113229497868	1.18728036147e-05	
4.22924287439	0.00058332782487	0.000596888082142	1.58210193382e-05	
4.7508101621	0.000396500662216	0.000420250509699	2.45240035033e-05	
5.33669923121	0.000271842907424	0.000339547098421	6.77100081567e-05	
5.99484250319	0.000304006389345	0.000281098206318	2.30715306061e-05	
6.73415065775	0.000243168179717	0.000231822198054	1.27717658318e-05	
7.56463327555	0.0001674030884	0.000183654199829	1.660151039e-05	
8.49753435909	0.000128278973343	0.000109659313621	2.0000939798e-05	
9.54548456662	0.000330039416402	0.000330245951889	2.3914302447e-06	
10.7226722201	0.000118592538289	0.000167913764739	0.000128692729105	
12.0450354026	0.000143060381998	0.000126578540613	1.75517987857e-05	
13.5304777458	0.000105960453456	9.7212897289e-05	1.08630900302e-05	
15.1991108295	7.55711782491e-05	7.16650186353e-05	7.71706423684e-06	
17.0735264747	3.55397775989e-05	4.7341078367e-05	1.1963180508e-05	
19.1791026167	2.89770718609e-05	2.2873372097e-05	1.03647290236e-05	
21.5443469003	2.46869772893e-06	1.13053457597e-05	8.85315500677e-06	
24.2012826479	4.14301342941e-05	4.34737647291e-05	8.8967752682e-06	
27.1858824273	9.01020810654e-05	9.40721793987e-05	5.98453366731e-06	
30.5385550883	0.000197878050904	0.000187554899404	1.64867376295e-05	
34.3046928631	0.000588633584367	0.000472085320928	0.00011659255599	
38.5352859371	0.00355403481898	0.00353341952973	2.45981459731e-05	
43.2876128108	0.000446235111031	0.000447345905235	2.16395542094e-05	
48.6260158007	0.000339303386832	0.000267736809777	7.1567811055e-05	
54.6227721768	0.000185591347913	0.000195551745407	1.13357841742e-05	
61.3590727341	0.000149917345016	0.000150404906651	1.27231610994e-06	
68.9261210435	0.000119913969201	0.000120815183989	9.01269520156e-07	
77.4263682681	9.95061654731e-05	0.000100030705163	6.87520579588e-07	
86.9749002618	8.42829784933e-05	8.45100912889e-05	5.67099871221e-07	
97.7009957299	7.23462473776e-05	7.23863957553e-05	4.83665922158e-07	
109.749876549	6.26738016609e-05	6.26037927216e-05	4.19469325452e-07	
123.284673944	5.46530482147e-05	5.45215639754e-05	3.67176707831e-07	
138.488637139	4.78894129774e-05	4.77266651654e-05	3.23175101267e-07	
155.567614393	4.21143894916e-05	4.19389724285e-05	2.85428943672e-07	
174.752840001	3.71369816459e-05	3.6960209371e-05	2.52660908105e-07	
196.304065004	3.28162348565e-05	3.26448343437e-05	2.23996848662e-07	
220.51307399	2.90448429318e-05	2.8882635421e-05	1.98796320322e-07	
247.707635599	2.57389304042e-05	2.55878933037e-05	1.76565052832e-07	
278.255940221	2.28314478452e-05	2.26923934237e-05	1.5690657674e-07	
312.571584969	2.02677666882e-05	2.01407801074e-05	1.39493803967e-07	
351.119173422	1.80026586371e-05	1.78873825367e-05	1.240513591e-07	
394.420605944	1.59981720019e-05	1.58939919124e-05	1.10343997234e-07	
443.062145758	1.42221037384e-05	1.41282686766e-05	9.81686295412e-08	
497.702356433	1.26468759977e-05	1.25625763366e-05	8.73485824709e-08	
559.081018251	1.12486929405e-05	1.11731099549e-05	7.77292989535e-08	
628.029144183	1.00068954032e-05	9.93923198798e-06	6.9175008768e-08	
705.480231072	8.90345774927e-06	8.84295662872e-06	6.1566075703e-08	
792.482898354	7.92258868377e-06	7.86854234781e-06	5.47968345502e-08	
890.215085445	7.05040938986e-06	7.00216460718e-06	4.87737944049e-08	
1000.0	6.27469014982e-06	6.23164898166e-06	4.34141240201e-08	
