z	Hz	Hrz	diff	
0.01	1.67525040943e-05	1.67525141709e-05	1.61509104239e-08	
0.0112332403298	1.88192334006e-05	1.88192429051e-05	1.61509159355e-08	
0.0126185688307	2.11411503601e-05	2.11411594214e-05	1.61509228902e-08	
0.0141747416293	2.37498553496e-05	2.37498640907e-05	1.6150931666e-08	
0.0159228279334	2.6680900003e-05	2.66809085427e-05	1.61509427395e-08	
0.0178864952906	2.99742971611e-05	2.99743056156e-05	1.61509567125e-08	
0.0200923300257	3.36751032132e-05	3.36751116977e-05	1.61509743439e-08	
0.0225701971963	3.78340857546e-05	3.78340943853e-05	1.61509965915e-08	
0.0253536449397	4.25084927758e-05	4.25085016711e-05	1.61510246636e-08	
0.0284803586844	4.77629440151e-05	4.77629532978e-05	1.61510600848e-08	
0.031992671378	5.36704711234e-05	5.36704809226e-05	1.61511047782e-08	
0.035938136638	6.03137415496e-05	6.03137520028e-05	1.61511611702e-08	
0.040370172586	6.77865125343e-05	6.77865237897e-05	1.61512323212e-08	
0.0453487850813	7.61953776917e-05	7.61953899113e-05	1.61513220916e-08	
0.0509413801482	8.5661891442e-05	8.5661904805e-05	1.61514353499e-08	
0.0572236765935	9.6325189122e-05	9.63252038286e-05	1.61515782349e-08	
0.0642807311728	0.000108345267625	0.000108345283902	1.61517584863e-08	
0.0722080901839	0.000121907160072	0.000121907178179	1.61519858596e-08	
0.081113083079	0.000137226339455	0.000137226359692	1.61522726467e-08	
0.0911162756115	0.000154555838161	0.000154555860883	1.61526343301e-08	
0.10235310219	0.000174195801579	0.000174195827207	1.61530904001e-08	
0.11497569954	0.000196506552358	0.000196506581401	1.61536653759e-08	
0.129154966501	0.000221926808964	0.000221926842049	1.61543900747e-08	
0.14508287785	0.000250999621298	0.000250999659208	1.61553031826e-08	
0.162975083462	0.000284410117456	0.000284410161189	1.61564531834e-08	
0.18307382803	0.000323041789454	0.000323041840307	1.61579006992e-08	
0.205651230835	0.000368062743215	0.000368062802905	1.61597212812e-08	
0.231012970008	0.000421062075241	0.000421062146097	1.61620086314e-08	
0.25950242114	0.000484273598422	0.000484273683669	1.61648781051e-08	
0.291505306283	0.000560959403877	0.000560959508112	1.61684700221e-08	
0.327454916288	0.000656103756623	0.000656103886588	1.61729515437e-08	
0.367837977183	0.000777755217546	0.000777755383514	1.61785139322e-08	
0.413201240012	0.000939853738247	0.000939853956644	1.6185356691e-08	
0.464158883361	0.00116889573053	0.00116889602945	1.61936337237e-08	
0.5214008288	0.00152230610874	0.00152230654131	1.62032767938e-08	
0.585702081806	0.00215248945388	0.00215249013879	1.62133284265e-08	
0.657933224658	0.00364305480855	0.00364305611187	1.62183256901e-08	
0.739072203353	0.0122240735773	0.0122240784179	1.61521111817e-08	
0.830217568132	0.00819927934499	0.00819928301999	1.64069586629e-08	
0.932603346883	0.00288779612328	0.002887797531	1.63913332085e-08	
1.04761575279	0.00162714751839	0.0016271483125	1.64301897088e-08	
1.17681195243	0.00101931817716	0.00101931854878	1.64893945318e-08	
1.32194114847	0.0006109995365	0.000610999376374	1.65671578942e-08	
1.48496826225	0.000238635629785	0.000238634108269	1.66647711017e-08	
1.6681005372	0.000290833091345	0.000290833075396	1.67813172819e-08	
1.87381742286	0.00220641956343	0.00220642447582	1.68867472214e-08	
2.10490414451	0.00348587879469	0.00348587966247	1.74215582704e-08	
2.36448941265	0.00138830436779	0.00138831053809	1.75628461279e-08	
2.65608778295	0.000902368234843	0.000902385573036	1.77279985502e-08	
2.98364724028	0.000657753786032	0.0006577634646	1.82115027744e-08	
3.35160265094	0.00047495897771	0.000474965809263	1.87379254799e-08	
3.76493580679	0.000103091381075	0.000103080787529	1.9398924691e-08	
4.22924287439	0.00058332782487	0.000583339887731	2.02028416345e-08	
4.7508101621	0.000396500662216	0.000396509232964	2.12376359112e-08	
5.33669923121	0.000271842907424	0.000271843614725	2.28467631258e-08	
5.99484250319	0.000304006389345	0.000303998552986	2.42575773535e-08	
6.73415065775	0.000243168179717	0.000243184883599	2.66091044802e-08	
7.56463327555	0.0001674030884	0.000167401445653	3.074599379e-08	
8.49753435909	0.000128278973343	0.000128271438554	8.06969182137e-08	
9.54548456662	0.000330039416402	0.000330060533629	3.23489578901e-08	
10.7226722201	0.000118592538289	0.00011855315714	4.39525555229e-08	
12.0450354026	0.000143060381998	0.000143119565659	5.94509084344e-08	
13.5304777458	0.000105960453456	0.000105837889861	1.38967098638e-07	
15.1991108295	7.55711782491e-05	7.56003779366e-05	3.51131685587e-08	
17.0735264747	3.55397775989e-05	3.55529480086e-05	6.24141092029e-08	
19.1791026167	2.89770718609e-05	2.8999051813e-05	2.95294241738e-08	
21.5443469003	2.46869772893e-06	2.05364591352e-06	4.17522830289e-07	
24.2012826479	4.14301342941e-05	4.13793776329e-05	5.07859308194e-08	
27.1858824273	9.01020810654e-05	9.01944658606e-05	9.67003828345e-08	
30.5385550883	0.000197878050904	0.000197799086699	2.41138353476e-07	
34.3046928631	0.000588633584367	0.000588700694275	1.39034688174e-07	
38.5352859371	0.00355403481898	0.00355511026863	1.12946225314e-06	
43.2876128108	0.000446235111031	0.000446161384576	8.85633321442e-08	
48.6260158007	0.000339303386832	0.000339313961591	2.4019525948e-07	
54.6227721768	0.000185591347913	0.000185287412965	3.0827110956e-07	
61.3590727341	0.000149917345016	0.000149776382561	4.41027767021e-07	
68.9261210435	0.000119913969201	0.000119818693834	9.71574443232e-08	
77.4263682681	9.95061654731e-05	9.94368397851e-05	7.01745800704e-08	
86.9749002618	8.42829784933e-05	8.42279487124e-05	5.54762670113e-08	
97.7009957299	7.23462473776e-05	7.2300880823e-05	4.56221351068e-08	
109.749876549	6.26738016609e-05	6.26355696005e-05	3.8386593496e-08	
123.284673944	5.46530482147e-05	5.46203621466e-05	3.2783120495e-08	
138.488637139	4.78894129774e-05	4.78611877323e-05	2.82878922355e-08	
155.567614393	4.21143894916e-05	4.20898398356e-05	2.45909248912e-08	
174.752840001	3.71369816459e-05	3.71155146693e-05	2.14945821732e-08	
196.304065004	3.28162348565e-05	3.27973879139e-05	1.88656258988e-08	
220.51307399	2.90448429318e-05	2.90282455216e-05	1.66101693536e-08	
247.707635599	2.57389304042e-05	2.57242795813e-05	1.4659597398e-08	
278.255940221	2.28314478452e-05	2.28184917187e-05	1.29621936795e-08	
312.571584969	2.02677666882e-05	2.02562929669e-05	1.14779343747e-08	
351.119173422	1.80026586371e-05	1.79924864421e-05	1.01751304366e-08	
394.420605944	1.59981720019e-05	1.59891458582e-05	9.02819431036e-09	
443.062145758	1.42221037384e-05	1.42140890595e-05	8.01611432942e-09	
497.702356433	1.26468759977e-05	1.26397556168e-05	7.12138738186e-09	
559.081018251	1.12486929405e-05	1.12423643914e-05	6.3292556645e-09	
628.029144183	1.00068954032e-05	1.00012687502e-05	5.62714956504e-09	
705.480231072	8.90345774927e-06	8.89845382554e-06	5.00427296235e-09	
792.482898354	7.92258868377e-06	7.91813764088e-06	4.45128867223e-09	
890.215085445	7.05040938986e-06	7.04644948743e-06	3.96007549459e-09	
1000.0	6.27469014982e-06	6.27116673445e-06	3.52353728756e-09	
