z	Hz	Hrz	diff	
0.01	1.67525040943e-05	1.67305979912e-05	8.94903447314e-08	
0.0112332403298	1.88192334006e-05	1.87945733739e-05	9.02100854887e-08	
0.0126185688307	2.11411503601e-05	2.11134025263e-05	9.11101852595e-08	
0.0141747416293	2.37498553496e-05	2.37186440157e-05	9.22334533058e-08	
0.0159228279334	2.6680900003e-05	2.66458025782e-05	9.36316369725e-08	
0.0178864952906	2.99742971611e-05	2.99348384334e-05	9.53667091887e-08	
0.0200923300257	3.36751032132e-05	3.36307489125e-05	9.75120952464e-08	
0.0225701971963	3.78340857546e-05	3.77842353152e-05	1.00153736756e-07	
0.0253536449397	4.25084927758e-05	4.2452471199e-05	1.03390886555e-07	
0.0284803586844	4.77629440151e-05	4.76999927223e-05	1.07336550431e-07	
0.031992671378	5.36704711234e-05	5.3599737674e-05	1.12117547497e-07	
0.035938136638	6.03137415496e-05	6.02342680826e-05	1.17874248634e-07	
0.040370172586	6.77865125343e-05	6.76972227764e-05	1.24760154901e-07	
0.0453487850813	7.61953776917e-05	7.60950623523e-05	1.32941565225e-07	
0.0509413801482	8.5661891442e-05	8.55491917927e-05	1.42597623088e-07	
0.0572236765935	9.6325189122e-05	9.61985785339e-05	1.53921007013e-07	
0.0642807311728	0.000108345267625	0.000108203030805	1.67119446311e-07	
0.0722080901839	0.000121907160072	0.000121747369705	1.82418132003e-07	
0.081113083079	0.000137226339455	0.000137046829921	2.00062991452e-07	
0.0911162756115	0.000154555838161	0.000154354175948	2.20324733186e-07	
0.10235310219	0.000174195801579	0.000173969251958	2.43503555223e-07	
0.11497569954	0.000196506552358	0.000196252041828	2.69934438365e-07	
0.129154966501	0.000221926808964	0.000221640882898	2.99992999286e-07	
0.14508287785	0.000250999621298	0.00025067839613	3.34101941553e-07	
0.162975083462	0.000284410117456	0.000284049226651	3.72738206847e-07	
0.18307382803	0.000323041789454	0.000322636322385	4.16440991473e-07	
0.205651230835	0.000368062743215	0.000367607175932	4.6582085833e-07	
0.231012970008	0.000421062075241	0.000420550191975	5.21570249731e-07	
0.25950242114	0.000484273598422	0.000483698402565	5.84475802826e-07	
0.291505306283	0.000560959403877	0.000560313017182	6.55433002104e-07	
0.327454916288	0.000656103756623	0.000655377305755	7.35463893675e-07	
0.367837977183	0.000777755217546	0.000776938708649	8.25738865186e-07	
0.413201240012	0.000939853738247	0.000938935925163	9.27603912576e-07	
0.464158883361	0.00116889573053	0.0011678639991	1.04261544979e-06	
0.5214008288	0.00152230610874	0.00152114646374	1.17258570345e-06	
0.585702081806	0.00215248945388	0.00215118701104	1.31964329997e-06	
0.657933224658	0.00364305480855	0.00364159771476	1.48631596915e-06	
0.739072203353	0.0122240735773	0.0122225450126	1.67564346514e-06	
0.830217568132	0.00819927934499	0.00820115999161	1.89139200029e-06	
0.932603346883	0.00288779612328	0.002889932911	2.13819337051e-06	
1.04761575279	0.00162714751839	0.00162956239525	2.42212159057e-06	
1.17681195243	0.00101931817716	0.00102205372458	2.75129297547e-06	
1.32194114847	0.0006109995365	0.000614104854339	3.13721065293e-06	
1.48496826225	0.000238635629785	0.000242142587269	3.59747417394e-06	
1.6681005372	0.000290833091345	0.000286706417828	4.16240178998e-06	
1.87381742286	0.00220641956343	0.00220191075037	4.89521771641e-06	
2.10490414451	0.00348587879469	0.00349185127053	5.98175063119e-06	
2.36448941265	0.00138830436779	0.00139626649083	9.47615770078e-06	
2.65608778295	0.000902368234843	0.000904127220518	1.89331844844e-06	
2.98364724028	0.000657753786032	0.000664241919106	6.49657969281e-06	
3.35160265094	0.00047495897771	0.000483661431846	8.72561928568e-06	
3.76493580679	0.000103091381075	0.000109644255441	1.14240627906e-05	
4.22924287439	0.00058332782487	0.000598687042679	1.57718131439e-05	
4.7508101621	0.000396500662216	0.000421389320686	2.49277779083e-05	
5.33669923121	0.000271842907424	0.000340508024972	6.88696975753e-05	
5.99484250319	0.000304006389345	0.000281969864709	2.34214272983e-05	
6.73415065775	0.000243168179717	0.000232609275895	1.05820133099e-05	
7.56463327555	0.0001674030884	0.000184258614356	1.69227968601e-05	
8.49753435909	0.000128278973343	0.000109271712899	1.90771660606e-05	
9.54548456662	0.000330039416402	0.000334082019684	7.35646232131e-06	
10.7226722201	0.000118592538289	0.000170081033663	0.000133761258274	
12.0450354026	0.000143060381998	0.000128589529408	1.44788561774e-05	
13.5304777458	0.000105960453456	9.92466059094e-05	6.75984687798e-06	
15.1991108295	7.55711782491e-05	7.37650524769e-05	1.99970959897e-06	
17.0735264747	3.55397775989e-05	4.9447457845e-05	1.42917901732e-05	
19.1791026167	2.89770718609e-05	2.44501281688e-05	4.65488207151e-06	
21.5443469003	2.46869772893e-06	4.2051572258e-06	1.94277844182e-06	
24.2012826479	4.14301342941e-05	3.85851851509e-05	3.21102841827e-06	
27.1858824273	9.01020810654e-05	8.91111786238e-05	3.8438401175e-06	
30.5385550883	0.000197878050904	0.000182382082982	1.56527027738e-05	
34.3046928631	0.000588633584367	0.000467728716112	0.000122289453656	
38.5352859371	0.00355403481898	0.00355166966566	1.88167218435e-05	
43.2876128108	0.000446235111031	0.000447923727034	4.39215917962e-06	
48.6260158007	0.000339303386832	0.000250589869272	9.20237111478e-05	
54.6227721768	0.000185591347913	0.000176480834389	9.51615986422e-06	
61.3590727341	0.000149917345016	0.000136320878787	1.36414225531e-05	
68.9261210435	0.000119913969201	0.000110476028244	9.44838301416e-06	
77.4263682681	9.95061654731e-05	9.21117696841e-05	7.4009068352e-06	
86.9749002618	8.42829784933e-05	7.82134150904e-05	6.07381204146e-06	
97.7009957299	7.23462473776e-05	6.72371597176e-05	5.11192188549e-06	
109.749876549	6.26738016609e-05	5.83053677743e-05	4.37035134567e-06	
123.284673944	5.46530482147e-05	5.08785195143e-05	3.77583883507e-06	
138.488637139	4.78894129774e-05	4.46039458428e-05	3.28636885056e-06	
155.567614393	4.21143894916e-05	3.92393261435e-05	2.87568738305e-06	
174.752840001	3.71369816459e-05	3.46111033462e-05	2.52631198266e-06	
196.304065004	3.28162348565e-05	3.05905304479e-05	2.22600678233e-06	
220.51307399	2.90448429318e-05	2.70791995464e-05	1.96585473928e-06	
247.707635599	2.57389304042e-05	2.39999428004e-05	1.73913562721e-06	
278.255940221	2.28314478452e-05	2.12909118627e-05	1.54063981171e-06	
312.571584969	2.02677666882e-05	1.8901608463e-05	1.36623114323e-06	
351.119173422	1.80026586371e-05	1.6790151067e-05	1.21255882834e-06	
394.420605944	1.59981720019e-05	1.49213462759e-05	1.07686178538e-06	
443.062145758	1.42221037384e-05	1.32652968715e-05	9.56832249102e-07	
497.702356433	1.26468759977e-05	1.17963755025e-05	8.50518370101e-07	
559.081018251	1.12486929405e-05	1.04924524418e-05	7.56253091402e-07	
628.029144183	1.00068954032e-05	9.33430316762e-06	6.72601109622e-07	
705.480231072	8.90345774927e-06	8.30514547831e-06	5.98318525904e-07	
792.482898354	7.92258868377e-06	7.39027152866e-06	5.32321564776e-07	
890.215085445	7.05040938986e-06	6.57675061166e-06	4.7366188741e-07	
1000.0	6.27469014982e-06	5.85318555891e-06	4.21506783445e-07	
