z	Hz	Hrz	diff	
0.01	1.67525040943e-05	1.67487113488e-05	3.49829068449e-07	
0.0112332403298	1.88192334006e-05	1.88141214528e-05	3.49847186489e-07	
0.0126185688307	2.11411503601e-05	2.11346499635e-05	3.49870047554e-07	
0.0141747416293	2.37498553496e-05	2.37418784666e-05	3.49898892862e-07	
0.0159228279334	2.6680900003e-05	2.66713386095e-05	3.49935288194e-07	
0.0178864952906	2.99742971611e-05	2.99630217807e-05	3.49981208613e-07	
0.0200923300257	3.36751032132e-05	3.36619611616e-05	3.50039145203e-07	
0.0225701971963	3.78340857546e-05	3.78188990693e-05	3.50112239509e-07	
0.0253536449397	4.25084927758e-05	4.24910558024e-05	3.50204452774e-07	
0.0284803586844	4.77629440151e-05	4.77430206187e-05	3.50320778846e-07	
0.031992671378	5.36704711234e-05	5.36477914843e-05	3.50467511823e-07	
0.035938136638	6.03137415496e-05	6.02879985012e-05	3.50652582164e-07	
0.040370172586	6.77865125343e-05	6.77573573913e-05	3.50885978243e-07	
0.0453487850813	7.61953776917e-05	7.61624155115e-05	3.51180274258e-07	
0.0509413801482	8.5661891442e-05	8.56246756511e-05	3.51551289967e-07	
0.0572236765935	9.6325189122e-05	9.62832154334e-05	3.52018913118e-07	
0.0642807311728	0.000108345267625	0.000108297967159	3.5260812142e-07	
0.0722080901839	0.000121907160072	0.000121853891578	3.53350247359e-07	
0.081113083079	0.000137226339455	0.000137166380523	3.54284535643e-07	
0.0911162756115	0.000154555838161	0.000154488375293	3.55460048687e-07	
0.10235310219	0.000174195801579	0.000174119918952	3.56937979092e-07	
0.11497569954	0.000196506552358	0.000196421219108	3.58794427414e-07	
0.129154966501	0.000221926808964	0.000221830864779	3.61123695792e-07	
0.14508287785	0.000250999621298	0.00025089176004	3.64042129562e-07	
0.162975083462	0.000284410117456	0.000284288868506	3.67692505346e-07	
0.18307382803	0.000323041789454	0.00032290549636	3.72248911644e-07	
0.205651230835	0.000368062743215	0.000367909539106	3.77921994971e-07	
0.231012970008	0.000421062075241	0.000420889854266	3.84964355352e-07	
0.25950242114	0.000484273598422	0.000484079982118	3.93675783178e-07	
0.291505306283	0.000560959403877	0.000560741700788	4.04407962387e-07	
0.327454916288	0.000656103756623	0.000655858912257	4.17568263239e-07	
0.367837977183	0.000777755217546	0.000777479749244	4.33622357866e-07	
0.413201240012	0.000939853738247	0.000939543643467	4.5309564659e-07	
0.464158883361	0.00116889573053	0.00116854634065	4.76573877524e-07	
0.5214008288	0.00152230610874	0.00152191180771	5.04703813018e-07	
0.585702081806	0.00215248945388	0.00215204296486	5.38195233019e-07	
0.657933224658	0.00364305480855	0.00364254444968	5.77825718647e-07	
0.739072203353	0.0122240735773	0.0122234614777	6.24449702372e-07	
0.830217568132	0.00819927934499	0.00819981369858	6.79019013368e-07	
0.932603346883	0.00288779612328	0.00288846100011	7.42590568199e-07	
1.04761575279	0.00162714751839	0.00162791081946	8.16376343961e-07	
1.17681195243	0.00101931817716	0.00102018551222	9.01768680975e-07	
1.32194114847	0.0006109995365	0.000611982413282	1.00038721629e-06	
1.48496826225	0.000238635629785	0.000239748322883	1.11410444559e-06	
1.6681005372	0.000290833091345	0.000289593196109	1.24501365741e-06	
1.87381742286	0.00220641956343	0.00220506617738	1.39494170594e-06	
2.10490414451	0.00348587879469	0.00348744109343	1.56229875032e-06	
2.36448941265	0.00138830436779	0.00138997312818	1.7287610139e-06	
2.65608778295	0.000902368234843	0.000903381366262	2.26469825788e-06	
2.98364724028	0.000657753786032	0.00066004658862	2.44234488326e-06	
3.35160265094	0.00047495897771	0.000477753947754	2.81603263216e-06	
3.76493580679	0.000103091381075	0.000105251999994	3.31709081218e-06	
4.22924287439	0.00058332782487	0.000587168440341	4.02055710292e-06	
4.7508101621	0.000396500662216	0.000401600434112	5.10452999248e-06	
5.33669923121	0.000271842907424	0.000278644689342	7.26881817773e-06	
5.99484250319	0.000304006389345	0.000330564233518	2.66742060913e-05	
6.73415065775	0.000243168179717	0.000248373051129	5.60330838434e-06	
7.56463327555	0.0001674030884	0.000192222601225	2.48309981963e-05	
8.49753435909	0.000128278973343	0.000112869909318	1.56019479847e-05	
9.54548456662	0.000330039416402	0.000330179852751	5.03917032816e-06	
10.7226722201	0.000118592538289	0.000124458972668	5.9381817344e-06	
12.0450354026	0.000143060381998	0.000142514134757	5.51392631152e-07	
13.5304777458	0.000105960453456	0.00010734792989	1.44550527595e-06	
15.1991108295	7.55711782491e-05	7.97077827623e-05	4.17490492624e-06	
17.0735264747	3.55397775989e-05	5.4166816038e-05	1.89928729236e-05	
19.1791026167	2.89770718609e-05	2.83365980268e-05	9.65225734633e-07	
21.5443469003	2.46869772893e-06	2.0247854352e-06	1.40735994267e-06	
24.2012826479	4.14301342941e-05	3.57551161984e-05	5.86893630097e-06	
27.1858824273	9.01020810654e-05	8.66613906987e-05	5.06085390376e-06	
30.5385550883	0.000197878050904	0.000180249465916	1.77505399112e-05	
34.3046928631	0.000588633584367	0.000465874896771	0.000124159815255	
38.5352859371	0.00355403481898	0.00355253067039	1.73449624841e-05	
43.2876128108	0.000446235111031	0.000449361789886	4.98931843271e-06	
48.6260158007	0.000339303386832	0.000251867293786	9.07838225761e-05	
54.6227721768	0.000185591347913	0.000177612670998	8.42525036642e-06	
61.3590727341	0.000149917345016	0.000137324253255	1.26389662521e-05	
68.9261210435	0.000119913969201	0.000111366193637	8.55816495839e-06	
77.4263682681	9.95061654731e-05	9.29020334669e-05	6.61067574687e-06	
86.9749002618	8.42829784933e-05	7.89153811184e-05	5.37190361984e-06	
97.7009957299	7.23462473776e-05	6.78609745624e-05	4.48816477403e-06	
109.749876549	6.26738016609e-05	5.88599315443e-05	3.81583693511e-06	
123.284673944	5.46530482147e-05	5.137166092e-05	3.28273669464e-06	
138.488637139	4.78894129774e-05	4.50425674305e-05	2.84777728953e-06	
155.567614393	4.21143894916e-05	3.96295256201e-05	2.48551032354e-06	
174.752840001	3.71369816459e-05	3.49582758299e-05	2.17915597549e-06	
196.304065004	3.28162348565e-05	3.08994553984e-05	1.91709381372e-06	
220.51307399	2.90448429318e-05	2.73541152563e-05	1.69094767726e-06	
247.707635599	2.57389304042e-05	2.42446106685e-05	1.49447396681e-06	
278.255940221	2.28314478452e-05	2.15086721728e-05	1.32288393972e-06	
312.571584969	2.02677666882e-05	1.90954290278e-05	1.17241374183e-06	
351.119173422	1.80026586371e-05	1.69626698187e-05	1.04004232622e-06	
394.420605944	1.59981720019e-05	1.50749086797e-05	9.23300978553e-07	
443.062145758	1.42221037384e-05	1.34019888779e-05	8.20141374956e-07	
497.702356433	1.26468759977e-05	1.19180526328e-05	7.28842041686e-07	
559.081018251	1.12486929405e-05	1.06007655054e-05	6.47940595154e-07	
628.029144183	1.00068954032e-05	9.4307210323e-06	5.76183646162e-07	
705.480231072	8.90345774927e-06	8.39097525294e-06	5.12489034863e-07	
792.482898354	7.92258868377e-06	7.46667646911e-06	4.5591682469e-07	
890.215085445	7.05040938986e-06	6.64476601744e-06	4.05646623147e-07	
1000.0	6.27469014982e-06	5.91373289403e-06	3.60959548251e-07	
