z	Hz	Hrz	diff	
0.01	1.67525040943e-05	1.67136629166e-05	4.20066322108e-07	
0.0112332403298	1.88192334006e-05	1.87743851218e-05	4.20681185823e-07	
0.0126185688307	2.11411503601e-05	2.10896876786e-05	4.21455781013e-07	
0.0141747416293	2.37498553496e-05	2.36910814158e-05	4.22431190773e-07	
0.0159228279334	2.6680900003e-05	2.66140189731e-05	4.23658826849e-07	
0.0178864952906	2.99742971611e-05	2.98984034104e-05	4.25202890997e-07	
0.0200923300257	3.36751032132e-05	3.35891690607e-05	4.2714334734e-07	
0.0225701971963	3.78340857546e-05	3.77369475313e-05	4.29579470289e-07	
0.0253536449397	4.25084927758e-05	4.23988350448e-05	4.32634017395e-07	
0.0284803586844	4.77629440151e-05	4.76392817293e-05	4.36458045729e-07	
0.031992671378	5.36704711234e-05	5.35311294724e-05	4.41236338744e-07	
0.035938136638	6.03137415496e-05	6.01568332187e-05	4.47193334096e-07	
0.040370172586	6.77865125343e-05	6.76099120599e-05	4.54599341624e-07	
0.0453487850813	7.61953776917e-05	7.59966925539e-05	4.63776723564e-07	
0.0509413801482	8.5661891442e-05	8.54384294871e-05	4.75105598304e-07	
0.0572236765935	9.6325189122e-05	9.60739218514e-05	4.89028563648e-07	
0.0642807311728	0.000108345267625	0.000108062788822	5.06053967526e-07	
0.0722080901839	0.000121907160072	0.00012158963916	5.26757433495e-07	
0.081113083079	0.000137226339455	0.000136869468891	5.51781696049e-07	
0.0911162756115	0.000154555838161	0.00015415477407	5.81835278131e-07	
0.10235310219	0.000174195801579	0.000173745096684	6.17691040065e-07	
0.11497569954	0.000196506552358	0.000196000080131	6.60185990368e-07	
0.129154966501	0.000221926808964	0.000221357677721	7.10223842216e-07	
0.14508287785	0.000250999621298	0.00025036007672	7.68781589732e-07	
0.162975083462	0.000284410117456	0.000283691431738	8.36920958904e-07	
0.18307382803	0.000323041789454	0.000322234134922	9.15805141611e-07	
0.205651230835	0.000368062743215	0.000367155047804	1.00672093699e-06	
0.231012970008	0.000421062075241	0.000420041856732	1.11110642553e-06	
0.25950242114	0.000484273598422	0.000483126773777	1.23058462833e-06	
0.291505306283	0.000560959403877	0.000559670069663	1.36700424976e-06	
0.327454916288	0.000656103756623	0.000654653936861	1.52248957342e-06	
0.367837977183	0.000777755217546	0.000776124578256	1.69950296127e-06	
0.413201240012	0.000939853738247	0.000938019279202	1.90092541518e-06	
0.464158883361	0.00116889573053	0.00116683150526	2.13016374112e-06	
0.5214008288	0.00152230610874	0.00151998318329	2.39129784082e-06	
0.585702081806	0.00215248945388	0.00214987710186	2.6892900845e-06	
0.657933224658	0.00364305480855	0.00364013009055	3.03029308243e-06	
0.739072203353	0.0122240735773	0.0122210332566	3.42210519784e-06	
0.830217568132	0.00819927934499	0.00820314681935	3.87511223252e-06	
0.932603346883	0.00288779612328	0.00289218859181	4.4030761497e-06	
1.04761575279	0.00162714751839	0.00163214867959	5.02613757897e-06	
1.17681195243	0.00101931817716	0.0010250529671	5.77495327562e-06	
1.32194114847	0.0006109995365	0.000617634056217	6.70083953031e-06	
1.48496826225	0.000238635629785	0.000246369325629	7.90090914118e-06	
1.6681005372	0.000290833091345	0.000281278760795	9.5956651312e-06	
1.87381742286	0.00220641956343	0.00219460026489	1.24616126933e-05	
2.10490414451	0.00348587879469	0.00350619360897	2.05258887821e-05	
2.36448941265	0.00138830436779	0.00136722790094	2.14947181076e-05	
2.65608778295	0.000902368234843	0.000901065311091	1.33595690671e-06	
2.98364724028	0.000657753786032	0.000664819982978	7.07513956124e-06	
3.35160265094	0.00047495897771	0.000486095542028	1.12343252144e-05	
3.76493580679	0.000103091381075	0.000111673004502	1.54465137594e-05	
4.22924287439	0.00058332782487	0.000604228399764	2.13566393037e-05	
4.7508101621	0.000396500662216	0.000428733885392	3.22709248239e-05	
5.33669923121	0.000271842907424	0.000350125439433	7.84710814964e-05	
5.99484250319	0.000304006389345	0.000294873965053	1.23949180261e-05	
6.73415065775	0.000243168179717	0.000250998461722	7.83177735102e-06	
7.56463327555	0.0001674030884	0.000214234324842	4.69233445129e-05	
8.49753435909	0.000128278973343	0.000182438715759	5.4532002706e-05	
9.54548456662	0.000330039416402	0.000154293805042	0.000176875818548	
10.7226722201	0.000118592538289	0.000128865056239	0.000108173628903	
12.0450354026	0.000143060381998	0.000105403907642	3.76627162869e-05	
13.5304777458	0.000105960453456	8.32322176714e-05	2.27538513985e-05	
15.1991108295	7.55711782491e-05	6.16468960367e-05	1.39760758531e-05	
17.0735264747	3.55397775989e-05	3.98055903446e-05	4.94972834379e-06	
19.1791026167	2.89770718609e-05	1.65674424868e-05	1.25532517698e-05	
21.5443469003	2.46869772893e-06	1.05389650316e-05	8.58539512622e-06	
24.2012826479	4.14301342941e-05	4.42567160274e-05	3.16038934567e-06	
27.1858824273	9.01020810654e-05	9.39958024624e-05	5.4208921001e-06	
30.5385550883	0.000197878050904	0.000186616454628	1.15203458137e-05	
34.3046928631	0.000588633584367	0.000471398599744	0.000118592357872	
38.5352859371	0.00355403481898	0.00354999628524	2.17931827196e-05	
43.2876128108	0.000446235111031	0.000445098368191	4.54550646661e-06	
48.6260158007	0.000339303386832	0.000248083729525	9.44635556368e-05	
54.6227721768	0.000185591347913	0.000174263324682	1.16794198033e-05	
61.3590727341	0.000149917345016	0.000134357266004	1.56044689385e-05	
68.9261210435	0.000119913969201	0.000108735554455	1.1189392685e-05	
77.4263682681	9.95061654731e-05	9.0567755863e-05	8.9451837304e-06	
86.9749002618	8.42829784933e-05	7.68427178822e-05	7.4446401176e-06	
97.7009957299	7.23462473776e-05	6.6019631361e-05	6.32951610829e-06	
109.749876549	6.26738016609e-05	5.72234003681e-05	5.45235208118e-06	
123.284673944	5.46530482147e-05	4.99166714448e-05	4.73770373728e-06	
138.488637139	4.78894129774e-05	4.3748635668e-05	4.14168743682e-06	
155.567614393	4.21143894916e-05	3.84785798107e-05	3.63643782589e-06	
174.752840001	3.71369816459e-05	3.39343433855e-05	3.20307387016e-06	
196.304065004	3.28162348565e-05	2.99883984267e-05	2.82813963913e-06	
220.51307399	2.90448429318e-05	2.65434051677e-05	2.50164942321e-06	
247.707635599	2.57389304042e-05	2.35231346131e-05	2.21594387455e-06	
278.255940221	2.28314478452e-05	2.08665657196e-05	1.96498591206e-06	
312.571584969	2.02677666882e-05	1.85239307265e-05	1.74390880262e-06	
351.119173422	1.80026586371e-05	1.64539942048e-05	1.54871561014e-06	
394.420605944	1.59981720019e-05	1.46221349642e-05	1.376073026e-06	
443.062145758	1.42221037384e-05	1.29989630855e-05	1.22316597704e-06	
497.702356433	1.26468759977e-05	1.15593013494e-05	1.08759247785e-06	
559.081018251	1.12486929405e-05	1.02814197045e-05	9.67285794259e-07	
628.029144183	1.00068954032e-05	9.14644869382e-06	8.60455557706e-07	
705.480231072	8.90345774927e-06	8.13792168335e-06	7.65542301965e-07	
792.482898354	7.92258868377e-06	7.24141138642e-06	6.81181693253e-07	
890.215085445	7.05040938986e-06	6.4442365966e-06	6.06175892531e-07	
1000.0	6.27469014982e-06	5.73522207336e-06	5.39470261846e-07	
