z	Hz	Hrz	diff	
0.01	1.67525040943e-05	1.6752437834e-05	6.35269771934e-09	
0.0112332403298	1.88192334006e-05	1.88191586987e-05	6.35282490362e-09	
0.0126185688307	2.11411503601e-05	2.11410662064e-05	6.35298537527e-09	
0.0141747416293	2.37498553496e-05	2.37497606061e-05	6.35318784657e-09	
0.0159228279334	2.6680900003e-05	2.66807933883e-05	6.35344331049e-09	
0.0178864952906	2.99742971611e-05	2.99741772331e-05	6.35376563603e-09	
0.0200923300257	3.36751032132e-05	3.36749683497e-05	6.35417232052e-09	
0.0225701971963	3.78340857546e-05	3.78339341314e-05	6.3546854374e-09	
0.0253536449397	4.25084927758e-05	4.25083223419e-05	6.35533283204e-09	
0.0284803586844	4.77629440151e-05	4.77627524653e-05	6.35614962808e-09	
0.031992671378	5.36704711234e-05	5.3670255867e-05	6.35718012542e-09	
0.035938136638	6.03137415496e-05	6.03134996756e-05	6.35848019138e-09	
0.040370172586	6.77865125343e-05	6.77862407721e-05	6.3601202697e-09	
0.0453487850813	7.61953776917e-05	7.61950723675e-05	6.36218916738e-09	
0.0509413801482	8.5661891442e-05	8.56615484295e-05	6.36479881437e-09	
0.0572236765935	9.6325189122e-05	9.63248037872e-05	6.36809024084e-09	
0.0642807311728	0.000108345267625	0.000108344834765	6.37224107513e-09	
0.0722080901839	0.000121907160072	0.000121906673845	6.37747493286e-09	
0.081113083079	0.000137226339455	0.000137225793305	6.38407315159e-09	
0.0911162756115	0.000154555838161	0.000154555224731	6.39238942047e-09	
0.10235310219	0.000174195801579	0.000174195112619	6.40286796107e-09	
0.11497569954	0.000196506552358	0.000196505778615	6.41606602988e-09	
0.129154966501	0.000221926808964	0.000221925940071	6.43268163132e-09	
0.14508287785	0.000250999621298	0.000250998645647	6.45358742744e-09	
0.162975083462	0.000284410117456	0.000284409022063	6.47987189769e-09	
0.18307382803	0.000323041789454	0.000323040559813	6.51288878673e-09	
0.205651230835	0.000368062743215	0.000368061363153	6.55431574441e-09	
0.231012970008	0.000421062075241	0.000421060526774	6.60622272332e-09	
0.25950242114	0.000484273598422	0.000484271861626	6.67115010094e-09	
0.291505306283	0.000560959403877	0.000560957456817	6.75219552292e-09	
0.327454916288	0.000656103756623	0.000656101575375	6.85310713792e-09	
0.367837977183	0.000777755217546	0.000777752776466	6.97837921289e-09	
0.413201240012	0.000939853738247	0.000939851010737	7.13334436657e-09	
0.464158883361	0.00116889573053	0.00116889269108	7.32425527718e-09	
0.5214008288	0.00152230610874	0.00152230273846	7.55834860398e-09	
0.585702081806	0.00215248945388	0.00215248575847	7.84388939401e-09	
0.657933224658	0.00364305480855	0.00364305090289	8.19013519614e-09	
0.739072203353	0.0122240735773	0.012224070882	8.60747206137e-09	
0.830217568132	0.00819927934499	0.00819928643611	9.10720476372e-09	
0.932603346883	0.00288779612328	0.00288780304265	9.70168526175e-09	
1.04761575279	0.00162714751839	0.00162715494988	1.04043073117e-08	
1.17681195243	0.00101931817716	0.00101932627451	1.12296238502e-08	
1.32194114847	0.0006109995365	0.000611008321391	1.21938898173e-08	
1.48496826225	0.000238635629785	0.000238644696496	1.33111482247e-08	
1.6681005372	0.000290833091345	0.000290821981205	1.46060388405e-08	
1.87381742286	0.00220641956343	0.00220641051846	1.60965193946e-08	
2.10490414451	0.00348587879469	0.00348589276554	1.78073835348e-08	
2.36448941265	0.00138830436779	0.00138832297559	1.97636303511e-08	
2.65608778295	0.000902368234843	0.000902385769799	2.20428803367e-08	
2.98364724028	0.000657753786032	0.000657778067939	2.4592679077e-08	
3.35160265094	0.00047495897771	0.00047498468994	2.7526483978e-08	
3.76493580679	0.000103091381075	0.000103098411571	3.08887582205e-08	
4.22924287439	0.00058332782487	0.00058336215962	3.47523043097e-08	
4.7508101621	0.000396500662216	0.000396536528759	3.92168801886e-08	
5.33669923121	0.000271842907424	0.000271872299747	4.4907431305e-08	
5.99484250319	0.000304006389345	0.000304022534563	5.03000470501e-08	
6.73415065775	0.000243168179717	0.000243223515037	5.77292814916e-08	
7.56463327555	0.0001674030884	0.000167434707284	6.7333794061e-08	
8.49753435909	0.000128278973343	0.000128321676515	8.57823274052e-08	
9.54548456662	0.000330039416402	0.000330055367194	7.84710560628e-08	
10.7226722201	0.000118592538289	0.000118496003983	1.01490504312e-07	
12.0450354026	0.000143060381998	0.000143178698933	1.30234388814e-07	
13.5304777458	0.000105960453456	0.000105923729924	4.87693169885e-08	
15.1991108295	7.55711782491e-05	7.57118693002e-05	1.4074590168e-07	
17.0735264747	3.55397775989e-05	3.56551104897e-05	1.96943724439e-07	
19.1791026167	2.89770718609e-05	2.9187268269e-05	2.10220426779e-07	
21.5443469003	2.46869772893e-06	2.16106416984e-06	4.67353354087e-07	
24.2012826479	4.14301342941e-05	4.08122508381e-05	6.29214635667e-07	
27.1858824273	9.01020810654e-05	9.57414835653e-05	7.96415260746e-06	
30.5385550883	0.000197878050904	0.000198245319928	4.08918204452e-07	
34.3046928631	0.000588633584367	0.000588764588193	1.37208570798e-07	
38.5352859371	0.00355403481898	0.00355510171855	1.11285523888e-06	
43.2876128108	0.000446235111031	0.000445628535011	7.46670157059e-07	
48.6260158007	0.000339303386832	0.000340045497148	9.47169157393e-07	
54.6227721768	0.000185591347913	0.000185134915083	4.5719381e-07	
61.3590727341	0.000149917345016	0.000149699493043	5.42520562189e-07	
68.9261210435	0.000119913969201	0.000119742159235	1.82917049786e-07	
77.4263682681	9.95061654731e-05	9.93693361703e-05	1.4229897042e-07	
86.9749002618	8.42829784933e-05	8.41691078998e-05	1.16914224586e-07	
97.7009957299	7.23462473776e-05	7.22495458785e-05	9.85190079774e-08	
109.749876549	6.26738016609e-05	6.25906445177e-05	8.42927861977e-08	
123.284673944	5.46530482147e-05	5.45809219977e-05	7.2858107998e-08	
138.488637139	4.78894129774e-05	4.78264674986e-05	6.34276507629e-08	
155.567614393	4.21143894916e-05	4.20592052703e-05	5.55070216607e-08	
174.752840001	3.71369816459e-05	3.70884354741e-05	4.8764878885e-08	
196.304065004	3.28162348565e-05	3.27734164204e-05	4.29679630012e-08	
220.51307399	2.90448429318e-05	2.90070003737e-05	3.79454961762e-08	
247.707635599	2.57389304042e-05	2.57054333105e-05	3.35683369295e-08	
278.255940221	2.28314478452e-05	2.28017612175e-05	2.97361387176e-08	
312.571584969	2.02677666882e-05	2.02414320951e-05	2.63691118893e-08	
351.119173422	1.80026586371e-05	1.79792802054e-05	2.34025585454e-08	
394.420605944	1.59981720019e-05	1.59774057571e-05	2.07831413884e-08	
443.062145758	1.42221037384e-05	1.42036493188e-05	1.84662709863e-08	
497.702356433	1.26468759977e-05	1.2630470087e-05	1.64142335467e-08	
559.081018251	1.12486929405e-05	1.12341039707e-05	1.45948202434e-08	
628.029144183	1.00068954032e-05	9.99391921562e-06	1.29803031805e-08	
705.480231072	8.90345774927e-06	8.89191399081e-06	1.15466554063e-08	
792.482898354	7.92258868377e-06	7.91231777811e-06	1.02729457768e-08	
890.215085445	7.05040938986e-06	7.04126996589e-06	9.14086121761e-09	
1000.0	6.27469014982e-06	6.2665568393e-06	8.13432336453e-09	
