z	Hz	Hrz	diff	
0.01	1.67525040943e-05	1.67490345962e-05	6.32490394284e-08	
0.0112332403298	1.88192334006e-05	1.88153082756e-05	6.3277273266e-08	
0.0126185688307	2.11411503601e-05	2.11367164621e-05	6.33128827267e-08	
0.0141747416293	2.37498553496e-05	2.37448526427e-05	6.33577887911e-08	
0.0159228279334	2.6680900003e-05	2.66752607481e-05	6.3414409364e-08	
0.0178864952906	2.99742971611e-05	2.99679449979e-05	6.34857858337e-08	
0.0200923300257	3.36751032132e-05	3.36679521251e-05	6.35757407097e-08	
0.0225701971963	3.78340857546e-05	3.78260389027e-05	6.36890733014e-08	
0.0253536449397	4.25084927758e-05	4.24994411851e-05	6.38318015756e-08	
0.0284803586844	4.77629440151e-05	4.77527650958e-05	6.40114594723e-08	
0.031992671378	5.36704711234e-05	5.36590270063e-05	6.42374598933e-08	
0.035938136638	6.03137415496e-05	6.03008772126e-05	6.45215340451e-08	
0.040370172586	6.77865125343e-05	6.77720536939e-05	6.48782573943e-08	
0.0453487850813	7.61953776917e-05	7.61791284297e-05	6.53256706243e-08	
0.0509413801482	8.5661891442e-05	8.56436315335e-05	6.58859999488e-08	
0.0572236765935	9.6325189122e-05	9.63046710262e-05	6.65864741603e-08	
0.0642807311728	0.000108345267625	0.000108322213095	6.74602252468e-08	
0.0722080901839	0.000121907160072	0.000121881256333	6.85472452372e-08	
0.081113083079	0.000137226339455	0.000137197234891	6.9895355272e-08	
0.0911162756115	0.000154555838161	0.000154523137445	7.15611268622e-08	
0.10235310219	0.000174195801579	0.000174159060168	7.36106855119e-08	
0.11497569954	0.000196506552358	0.000196465270253	7.61203311903e-08	
0.129154966501	0.000221926808964	0.000221880423636	7.91769366751e-08	
0.14508287785	0.000250999621298	0.000250947499646	8.28781381723e-08	
0.162975083462	0.000284410117456	0.000284351546633	8.73324093334e-08	
0.18307382803	0.000323041789454	0.000322975966387	9.2659195819e-08	
0.205651230835	0.000368062743215	0.000367988762595	9.89893614841e-08	
0.231012970008	0.000421062075241	0.000420978915718	1.06466240018e-07	
0.25950242114	0.000484273598422	0.000484180106738	1.15247592602e-07	
0.291505306283	0.000560959403877	0.000560854276676	1.25508759118e-07	
0.327454916288	0.000656103756623	0.000655985519865	1.37447291137e-07	
0.367837977183	0.000777755217546	0.000777622204068	1.51289408513e-07	
0.413201240012	0.000939853738247	0.000939704065963	1.6729875668e-07	
0.464158883361	0.00116889573053	0.00116872729022	1.85788148058e-07	
0.5214008288	0.00152230610874	0.00152211659419	2.07135055841e-07	
0.585702081806	0.00215248945388	0.00215227657941	2.31800244759e-07	
0.657933224658	0.00364305480855	0.00364281768412	2.60333650938e-07	
0.739072203353	0.0122240735773	0.0122238380716	2.93054392138e-07	
0.830217568132	0.00819927934499	0.00819961253884	3.34331820425e-07	
0.932603346883	0.00288779612328	0.00288816745194	3.80191114318e-07	
1.04761575279	0.00162714751839	0.00162757015408	4.36038735357e-07	
1.17681195243	0.00101931817716	0.00101980450404	5.04803770468e-07	
1.32194114847	0.0006109995365	0.000611564674919	5.92022652696e-07	
1.48496826225	0.000238635629785	0.000239292155918	7.0785548253e-07	
1.6681005372	0.000290833091345	0.000289995620488	8.73437224497e-07	
1.87381742286	0.00220641956343	0.00220545117982	1.14253800022e-06	
2.10490414451	0.00348587879469	0.00348753701512	1.6994285516e-06	
2.36448941265	0.00138830436779	0.00139229163205	4.33820121843e-06	
2.65608778295	0.000902368234843	0.000898188041331	4.18051693972e-06	
2.98364724028	0.000657753786032	0.000657138153224	6.45772967707e-07	
3.35160265094	0.00047495897771	0.000475041589085	1.02873147218e-07	
3.76493580679	0.000103091381075	0.000103334819749	5.04211792936e-07	
4.22924287439	0.00058332782487	0.000584268281182	9.42801357574e-07	
4.7508101621	0.000396500662216	0.000398062112093	1.58958791327e-06	
5.33669923121	0.000271842907424	0.0002744298314	3.09392618869e-06	
5.99484250319	0.000304006389345	0.00032537389358	2.18809366384e-05	
6.73415065775	0.000243168179717	0.000239795603265	3.42915028396e-06	
7.56463327555	0.0001674030884	0.000166727765641	6.95202141494e-07	
8.49753435909	0.000128278973343	0.000126667166937	1.94356390926e-06	
9.54548456662	0.000330039416402	0.000332920574621	4.2706593851e-06	
10.7226722201	0.000118592538289	0.000123835844253	5.33374055575e-06	
12.0450354026	0.000143060381998	0.0001414354195	1.65467718234e-06	
13.5304777458	0.000105960453456	0.000104789903491	1.17082064153e-06	
15.1991108295	7.55711782491e-05	7.49405721779e-05	6.64118102029e-07	
17.0735264747	3.55397775989e-05	3.54654242059e-05	3.56251702917e-07	
19.1791026167	2.89770718609e-05	2.90457400253e-05	1.87151209924e-07	
21.5443469003	2.46869772893e-06	3.65099779094e-06	1.81932024059e-06	
24.2012826479	4.14301342941e-05	4.14846005908e-05	2.67976200593e-07	
27.1858824273	9.01020810654e-05	9.61596352789e-05	8.124474948e-06	
30.5385550883	0.000197878050904	0.000198471532282	6.0364446406e-07	
34.3046928631	0.000588633584367	0.000588528940788	2.83433838604e-07	
38.5352859371	0.00355403481898	0.00355475999304	9.47640184839e-07	
43.2876128108	0.000446235111031	0.000446535781296	1.36791416421e-06	
48.6260158007	0.000339303386832	0.000341928707793	3.21846621365e-06	
54.6227721768	0.000185591347913	0.000184225271097	1.36652855112e-06	
61.3590727341	0.000149917345016	0.000149315187056	1.0847187172e-06	
68.9261210435	0.000119913969201	0.000119385785267	6.00224736996e-07	
77.4263682681	9.95061654731e-05	9.90636344323e-05	4.78802074303e-07	
86.9749002618	8.42829784933e-05	8.39059517916e-05	3.97605657209e-07	
97.7009957299	7.23462473776e-05	7.20213081779e-05	3.374153663e-07	
109.749876549	6.26738016609e-05	6.23914555376e-05	2.90232613366e-07	
123.284673944	5.46530482147e-05	5.44062627684e-05	2.51913504414e-07	
138.488637139	4.78894129774e-05	4.76727758423e-05	2.20038768594e-07	
155.567614393	4.21143894916e-05	4.19236049579e-05	1.93073963668e-07	
174.752840001	3.71369816459e-05	3.69685563734e-05	1.69982858016e-07	
196.304065004	3.28162348565e-05	3.26672731551e-05	1.50030043519e-07	
220.51307399	2.90448429318e-05	2.89129081479e-05	1.3267211876e-07	
247.707635599	2.57389304042e-05	2.56219477451e-05	1.17493980052e-07	
278.255940221	2.28314478452e-05	2.27276340917e-05	1.04169654201e-07	
312.571584969	2.02677666882e-05	2.01755779079e-05	9.24372162929e-08	
351.119173422	1.80026586371e-05	1.7920750292e-05	8.2082156115e-08	
394.420605944	1.59981720019e-05	1.59253678142e-05	7.29260040476e-08	
443.062145758	1.42221037384e-05	1.41573708957e-05	6.48183366522e-08	
497.702356433	1.26468759977e-05	1.25893050504e-05	5.76310147307e-08	
559.081018251	1.12486929405e-05	1.11974812471e-05	5.12539325112e-08	
628.029144183	1.00068954032e-05	9.96133331317e-06	4.55918125504e-08	
705.480231072	8.90345774927e-06	8.86291693615e-06	4.05617392447e-08	
792.482898354	7.92258868377e-06	7.88651219881e-06	3.6091224227e-08	
890.215085445	7.05040938986e-06	7.01830311292e-06	3.21166619821e-08	
1000.0	6.27469014982e-06	6.2461153919e-06	2.85820769861e-08	
